SELECT
av.id 'asset id',
av.collateral_engine_no ,
av.collateral_vin_code ,
case p.customer_profile when '1' then 'Dormant'
when '2' then 'Increase'
when '3' then 'New'
when '4' then 'Increase'
when '5' then 'Increase'
else ''
end "customer_profile",
c2.prospect_id 'Refinance From',
c.contract_no ,
CASE
c.status WHEN 0 THEN 'Pending' WHEN 1 THEN 'Pending Approval'
WHEN 2 THEN 'Pending Disbursement' WHEN 3 THEN 'Disbursement Approval'
WHEN 4 THEN 'Active' WHEN 5 THEN 'Cancelled'
WHEN 6 THEN 'Refinance' WHEN 7 THEN 'Closed' ELSE NULL
END 'contract_status', -- c.status ,
CONVERT(CAST(CONVERT(CONCAT(cu.customer_first_name_lo, " ", cu.customer_last_name_lo) using latin1) as binary) using utf8) 'full_name_la',
CASE p.contract_type WHEN 1 THEN 'SME Car'
WHEN 2 THEN 'SME Bike' WHEN 3 THEN 'Car Leasing'
WHEN 4 THEN 'Bike Leasing' WHEN 5 THEN 'Real Estate'
WHEN 6 THEN 'Trade Finance'ELSE NULL
END 'contract_type', -- c.status ,p.contract_type ,
car.car_make ,
car.car_model ,
av.collateral_year ,
CONVERT(CAST(CONVERT(CONCAT(av.number_plate) using latin1) as binary) using utf8) 'No. Plate',
av.gps_imei ,-- c.gps_imei ,
av.gps_number -- c.gps_number
FROM tblcontract c
left join tblprospect p on (p.id=c.prospect_id)
Left join tblprospectasset pa on (c.prospect_id=pa.prospect_id)
LEFT JOIN tblcustomer cu on (p.customer_id = cu.id)
LEFT JOIN tblassetvaluation av on (pa.assetvaluation_id = av.id)
LEFT JOIN tblcar car on (car.id = av.collateral_car_id)
left join tblcontract c2 on (c2.id = p.refinance_id)
WHERE 
p.id in (2050336,2050918,2057998,2058710,2062827,2063386,2063947,2064085,2064842,2065457,2065501,2065606,2065853,2066275,2066321,2066394,2066488,2066491,2066545,2066555,2066674,2066769,2066809,2067026,2067104,2067158,2067222,2067315,2067357,2067396,2067530,2067534,2067944,2068001,2068010,2068389,2068612,2068736,2068805,2068878,2068954,2069218,2069242,2069412,2069424,2069708,2069735,2069854,2069955,2070129,2070254,2070392,2070397,2070422,2070457,2070926,2071025,2071091,2071215,2071217,2071268,2071352,2071353,2071359,2071414,2071438,2071450,2071521,2071551,2071598,2071603,2071681,2071731,2071759,2071768,2071783,2071842,2071851,2071857,2071881,2071883,2071940,2071994,2072019,2072109,2072202,2072222,2072239,2072262,2072280,2072298,2072307,2072348,2072388,2072390,2072480,2072608,2072609,2072621,2072643,2072837,2072869,2072871,2072878,2072882,2072905,2073005,2073025,2073038,2073084,2073088,2073125,2073292,2073411,2073505,2073579,2073658,2073700,2073866,2073896,2073905,2073924,2073932,2074081,2074087,2074111,2074146,2074147,2074163,2074174,2074325,2074333,2074377,2074388,2074405,2074438,2074443,2074445,2074545,2074567,2074633,2074744,2074783,2074813,2074865,2074887,2074904,2074907,2074937,2074965,2074996,2075002,2075128,2075179,2075211,2075222,2075302,2075390,2075412,2075414,2075424,2075450,2075468,2075499,2075500,2075564,2075581,2075628,2075652,2075734,2075744,2075747,2075787,2075790,2075819,2075874,2075891,2075906,2075910,2076007,2076080,2076105,2076173,2076206,2076291,2076353,2076409,2076416,2076445,2076456,2076504,2076519,2076538,2076593,2076603,2076614,2076620,2076671,2076797,2076828,2076831,2076846,2076894,2076904,2076922,2076924,2076928,2076938,2076968,2076981,2076992,2077021,2077071,2077093,2077103,2077105,2077120,2077139,2077141,2077197,2077203,2077220,2077240,2077257,2077258,2077259,2077292,2077298,2077325,2077346,2077348,2077363,2077456,2077481,2077495,2077499,2077507,2077508,2077510,2077517,2077538,2077540,2077564,2077571,2077595,2077627,2077652,2077655,2077678,2077693,2077699,2077708,2077712,2077713,2077747,2077773,2077787,2077791,2077812,2077841,2077852,2077882,2077921,2077923,2077977,2078040,2078099,2078111,2078114,2078128,2078187,2078270,2078293,2078297,2078302,2078354,2078364,2078389,2078445,2078449,2078499,2078504,2078537,2078575,2078584,2078614,2078620,2078628,2078651,2078664,2078671,2078686,2078743,2078748,2078764,2078806,2078819,2078870,2078890,2078914,2078922,2078938,2078973,2078977,2079032,2079054,2079059,2079070,2079101,2079117,2079126,2079138,2079159,2079226,2079240,2079243,2079246,2079295,2079310,2079350,2079413,2079452,2079478,2079490,2079517,2079525,2079620,2079633,2079634,2079640,2079646,2079653,2079705,2079710,2079761,2079762,2079800,2079816,2079829,2079834,2079842,2079847,2079864,2079979,2080035,2080158,2080214,2080244,2080339,2080366,2080436,2080503,2080552,2080560,2080673,2080752,2080763,2080826,2080834,2080889,2080898,2080914,2081005,2081009,2081030,2081056,2081064,2081095,2081107,2081120,2081133,2081135,2081158,2081224,2081225,2081233,2081240,2081245,2081251,2081252,2081295,2081301,2081318,2081343,2081390,2081415,2081454,2081466,2081470,2081504,2081509,2081546,2081550,2081589,2081610,2081635,2081661,2081673,2081689,2081725,2081864,2081893,2081897,2081902,2081997,2082001,2082014,2082026,2082040,2082045,2082052,2082056,2082057,2082060,2082101,2082117,2082132,2082133,2082145,2082148,2082158,2082180,2082190,2082203,2082218,2082236,2082240,2082242,2082284,2082290,2082303,2082310,2082321,2082332,2082410,2082427,2082441,2082456,2082506,2082524,2082567,2082576,2082605,2082606,2082637,2082647,2082709,2082714,2082751,2082769,2082799,2082803,2082810,2082812,2082814,2082875,2082876,2082890,2082906,2082910,2082926,2082930,2082939,2082959,2082973,2082977,2082999,2083001,2083024,2083040,2083116,2083129,2083176,2083208,2083266,2083276,2083312,2083353,2083438,2083481,2083506,2083514,2083533,2083550,2083612,2083637,2083731,2083753,2083786,2083814,2083824,2083858,2083912,2083925,2083935,2083938,2083980,2084005,2084011,2084023,2084032,2084045,2084047,2084053,2084062,2084064,2084086,2084104,2084105,2084126,2084131,2084149,2084170,2084176,2084185,2084194,2084206,2084218,2084228,2084236,2084249,2084253,2084270,2084272,2084275,2084295,2084296,2084303,2084325,2084331,2084335,2084349,2084363,2084384,2084409,2084428,2084438,2084455,2084458,2084461,2084496,2084511,2084527,2084531,2084539,2084562,2084576,2084607,2084608,2084609,2084633,2084660,2084673,2084686,2084700,2084710,2084713,2084722,2084780,2084799,2084812,2084814,2084815,2084834,2084882,2084889,2084898,2084940,2084967,2084986,2084996,2085005,2085096,2085124,2085151,2085182,2085189,2085196,2085212,2085258,2085259,2085265,2085295,2085304,2085361,2085397,2085413,2085417,2085426,2085433,2085497,2085517,2085521,2085528,2085537,2085544,2085548,2085590,2085612,2085663,2085666,2085672,2085756,2085766,2085771,2085772,2085795,2085796,2085797,2085809,2085832,2085849,2085856,2085857,2085869,2085903,2085922,2085939,2085946,2085948,2085972,2085995,2086003,2086007,2086109,2086123,2086125,2086154,2086195,2086196,2086227,2086235,2086386,2086456,2086524,2086532,2086586,2086599,2086624,2086666,2086669,2086670,2086723,2086724,2086741,2086778,2086814,2086868,2086925,2086948,2086952,2086993,2087010,2087012,2087015,2087022,2087057,2087071,2087074,2087079,2087081,2087103,2087104,2087111,2087147,2087161,2087173,2087176,2087177,2087213,2087218,2087227,2087245,2087248,2087250,2087271,2087281,2087287,2087294,2087303,2087306,2087311,2087315,2087335,2087355,2087366,2087417,2087420,2087435,2087493,2087499,2087513,2087517,2087556,2087574,2087579,2087588,2087607,2087609,2087614,2087619,2087628,2087637,2087664,2087669,2087671,2087672,2087687,2087688,2087690,2087696,2087697,2087714,2087715,2087719,2087730,2087755,2087764,2087774,2087789,2087801,2087870,2087890,2087894,2087900,2087901,2087912,2087913,2087918,2087931,2087971,2087973,2087974,2087975,2088002,2088004,2088020,2088021,2088042,2088054,2088087,2088090,2088097,2088108,2088109,2088129,2088155,2088162,2088197,2088206,2088211,2088234,2088247,2088272,2088274,2088281,2088293,2088305,2088313,2088318,2088335,2088337,2088347,2088349,2088362,2088368,2088370,2088381,2088395,2088438,2088443,2088454,2088460,2088461,2088473,2088488,2088493,2088495,2088503,2088509,2088516,2088553,2088555,2088561,2088580,2088584,2088587,2088598,2088610,2088620,2088621,2088623,2088671,2088677,2088688,2088731,2088734,2088815,2088851,2088866,2088874,2088878,2088894,2088902,2088907,2088920,2088922,2088936,2088949,2088952,2088958,2088960,2088961,2088964,2088990,2089030,2089041,2089045,2089053,2089063,2089074,2089089,2089113,2089120,2089121,2089124,2089126,2089149,2089170,2089222,2089223,2089228,2089230,2089234,2089237,2089246,2089272,2089274,2089283,2089311,2089340,2089353,2089364,2089370,2089384,2089385,2089397,2089401,2089405,2089411,2089467,2089472,2089510,2089514,2089541,2089546,2089551,2089557,2089596,2089608,2089610,2089617,2089633,2089635,2089638,2089639,2089640,2089648,2089660,2089711,2089739,2089757,2089782,2089783,2089823,2089829,2089868,2089966,2089987,2090057,2090084,2090091,2090092,2090113,2090119,2090156,2090157,2090163,2090172,2090198,2090202,2090266,2090271,2090278,2090281,2090293,2090302,2090315,2090324,2090326,2090333,2090341,2090350,2090365,2090370,2090374,2090388,2090391,2090403,2090420,2090440,2090454,2090501,2090525,2090539,2090541,2090549,2090608,2090634,2090654,2090658,2090695,2090727,2090731,2090748,2090758,2090765,2090776,2090784,2090810,2090850,2090858,2090892,2090903,2090908,2090917,2090923,2090956,2090977,2090980,2090995,2091016,2091033,2091037,2091045,2091047,2091062,2091071,2091100,2091144,2091201,2091207,2091233,2091236,2091247,2091266,2091288,2091299,2091303,2091310,2091319,2091362,2091398,2091416,2091446,2091469,2091473,2091479,2091501,2091509,2091523,2091535,2091541,2091549,2091559,2091579,2091581,2091586,2091591,2091611,2091618,2091632,2091648,2091674,2091676,2091696,2091704,2091705,2091722,2091740,2091745,2091752,2091775,2091776,2091840,2091857,2091862,2091863,2091864,2091874,2091898,2091899,2091903,2091920,2091927,2091966,2091993,2092008,2092013,2092020,2092027,2092039,2092056,2092059,2092062,2092072,2092083,2092092,2092096,2092104,2092106,2092126,2092127,2092159,2092160,2092188,2092196,2092204,2092239,2092262,2092271,2092278,2092282,2092298,2092305,2092317,2092341,2092353,2092357,2092374,2092375,2092389,2092398,2092402,2092408,2092411,2092413,2092416,2092429,2092440,2092441,2092454,2092466,2092467,2092474,2092477,2092481,2092488,2092502,2092511,2092520,2092522,2092526,2092542,2092545,2092548,2092559,2092562,2092564,2092568,2092573,2092576,2092584,2092594,2092609,2092614,2092616,2092618,2092630,2092634,2092643,2092665,2092669,2092673,2092683,2092746,2092761,2092773,2092783,2092791,2092808,2092822,2092829,2092831,2092844,2092855,2092861,2092868,2092878,2092891,2092893,2092895,2092897,2092898,2092903,2092917,2092921,2092932,2092939,2092943,2092965,2092966,2092983,2092987,2092994,2092995,2093010,2093018,2093030,2093032,2093040,2093078,2093107,2093109,2093110,2093128,2093144,2093146,2093170,2093176,2093178,2093179,2093187,2093193,2093218,2093238,2093260,2093264,2093277,2093295,2093299,2093334,2093339,2093358,2093359,2093369,2093371,2093383,2093384,2093409,2093433,2093481,2093490,2093498,2093500,2093501,2093505,2093522,2093561,2093601,2093628,2093633,2093644,2093671,2093676,2093677,2093706,2093711,2093712,2093715,2093720,2093725,2093734,2093736,2093758,2093760,2093778,2093779,2093781,2093818,2093827,2093836,2093842,2093866,2093886,2093896,2093899,2093903,2093925,2093934,2093946,2093960,2093966,2093977,2093980,2094001,2094015,2094027,2094028,2094032,2094038,2094057,2094078,2094082,2094128,2094129,2094130,2094161,2094162,2094176,2094177,2094178,2094196,2094203,2094216,2094229,2094230,2094231,2094249,2094252,2094253,2094255,2094260,2094266,2094269,2094277,2094283,2094289,2094298,2094307,2094322,2094327,2094340,2094349,2094357,2094362,2094364,2094367,2094371,2094375,2094376,2094392,2094399,2094405,2094419,2094430,2094440,2094442,2094448,2094462,2094464,2094467,2094472,2094474,2094479,2094480,2094493,2094502,2094505,2094506,2094513,2094523,2094548,2094549,2094553,2094560,2094565,2094567,2094569,2094570,2094574,2094591,2094592,2094593,2094614,2094622,2094627,2094636,2094645,2094674,2094682,2094687,2094689,2094711,2094725,2094731,2094740,2094767,2094772,2094773,2094781,2094782,2094787,2094803,2094807,2094811,2094813,2094816,2094822,2094823,2094844,2094847,2094856,2094864,2094867,2094870,2094880,2094892,2094903,2094920,2094933,2094944,2094955,2094958,2094966,2094976,2094987,2094989,2095002,2095015,2095026,2095030,2095040,2095053,2095056,2095058,2095060,2095062,2095081,2095095,2095100,2095122,2095123,2095128,2095137,2095139,2095144,2095195,2095208,2095210,2095212,2095213,2095222,2095240,2095248,2095267,2095274,2095284,2095307,2095313,2095321,2095328,2095334,2095337,2095338,2095360,2095361,2095376,2095384,2095395,2095412,2095453,2095456,2095459,2095493,2095494,2095495,2095500,2095503,2095507,2095519,2095525,2095537,2095539,2095558,2095561,2095562,2095563,2095567,2095573,2095575,2095578,2095591,2095627,2095630,2095635,2095639,2095643,2095655,2095669,2095694,2095697,2095700,2095702,2095711,2095731,2095736,2095739,2095743,2095749,2095757,2095761,2095777,2095780,2095799,2095811,2095826,2095828,2095831,2095845,2095868,2095884,2095888,2095891,2095910,2095912,2095916,2095924,2095926,2095927,2095938,2095944,2095949,2095968,2095973,2095997,2096005,2096007,2096019,2096021,2096030,2096031,2096045,2096047,2096068,2096077,2096080,2096082,2096088,2096089,2096090,2096096,2096097,2096098,2096104,2096112,2096114,2096116,2096121,2096122,2096124,2096152,2096168,2096169,2096180,2096187,2096199,2096213,2096231,2096257,2096263,2096268,2096282,2096287,2096311,2096318,2096321,2096332,2096338,2096365,2096372,2096380,2096386,2096399,2096405,2096410,2096414,2096418,2096423,2096435,2096469,2096472,2096490,2096500,2096504,2096507,2096522,2096533,2096563,2096572,2096587,2096588,2096593,2096603,2096611,2096613,2096614,2096623,2096650,2096654,2096656,2096659,2096668,2096681,2096682,2096699,2096711,2096715,2096731,2096733,2096750,2096759,2096765,2096768,2096779,2096783,2096803,2096811,2096817,2096819,2096823,2096825,2096831,2096835,2096836,2096840,2096851,2096861,2096867,2096870,2096875,2096877,2096878,2096891,2096897,2096899,2096900,2096901,2096902,2096909,2096915,2096916,2096918,2096921,2096928,2096941,2096947,2096957,2096972,2096981,2096987,2096996,2097003,2097022,2097032,2097038,2097048,2097056,2097062,2097066,2097069,2097082,2097096,2097105,2097120,2097124,2097133,2097143,2097158,2097161,2097165,2097172,2097177,2097184,2097188,2097204,2097206,2097217,2097225,2097239,2097248,2097249,2097251,2097254,2097257,2097260,2097263,2097270,2097291,2097292,2097293,2097305,2097315,2097323,2097338,2097344,2097346,2097349,2097358,2097381,2097390,2097393,2097403,2097410,2097413,2097417,2097425,2097433,2097437,2097447,2097476,2097480,2097495,2097506,2097524,2097530,2097540,2097555,2097558,2097565,2097570,2097572,2097573,2097584,2097585,2097591,2097598,2097602,2097604,2097605,2097618,2097631,2097633,2097639,2097645,2097650,2097692,2097694,2097699,2097707,2097720,2097727,2097745,2097748,2097751,2097763,2097774,2097785,2097803,2097806,2097816,2097820,2097821,2097844,2097850,2097856,2097857,2097858,2097859,2097866,2097869,2097874,2097876,2097887,2097890,2097894,2097896,2097918,2097926,2097942,2097950,2097960,2097976,2097980,2097987,2097988,2097991,2097995,2098001,2098006,2098007,2098008,2098024,2098028,2098044,2098061,2098067,2098075,2098082,2098103,2098115,2098117,2098118,2098127,2098134,2098147,2098150,2098168,2098175,2098178,2098188,2098192,2098207,2098215,2098223,2098227,2098238,2098243,2098244,2098247,2098248,2098250,2098251,2098259,2098262,2098276,2098284,2098297,2098300,2098302,2098313,2098314,2098326,2098330,2098338,2098346,2098350,2098352,2098357,2098359,2098376,2098377,2098379,2098385,2098397,2098401,2098420,2098427,2098447,2098452,2098454,2098457,2098477,2098478,2098484,2098487,2098491,2098496,2098499,2098502,2098508,2098513,2098514,2098517,2098523,2098525,2098528,2098534,2098537,2098541,2098542,2098546,2098558,2098563,2098583,2098586,2098592,2098609,2098611,2098616,2098617,2098630,2098631,2098632,2098640,2098644,2098658,2098661,2098663,2098669,2098670,2098680,2098696,2098699,2098701,2098702,2098715,2098716,2098720,2098722,2098723,2098724,2098725,2098729,2098735,2098750,2098764,2098767,2098776,2098780,2098783,2098784,2098788,2098789,2098793,2098804,2098805,2098822,2098828,2098833,2098862,2098869,2098873,2098883,2098897,2098916,2098920,2098922,2098930,2098945,2098957,2098961,2098963,2098964,2098966,2098974,2098977,2098992,2098994,2099014,2099018,2099019,2099025,2099029,2099039,2099050,2099056,2099063,2099066,2099081,2099100,2099116,2099118,2099121,2099122,2099123,2099125,2099130,2099135,2099136,2099137,2099151,2099153,2099159,2099165,2099173,2099177,2099189,2099199,2099205,2099207,2099210,2099211,2099215,2099218,2099224,2099239,2099240,2099248,2099252,2099262,2099270,2099273,2099289,2099315,2099316,2099320,2099325,2099330,2099339,2099340,2099344,2099351,2099353,2099354,2099368,2099375,2099376,2099377,2099383,2099385,2099391,2099397,2099405,2099408,2099411,2099415,2099418,2099419,2099420,2099444,2099445,2099451,2099463,2099484,2099485,2099491,2099498,2099515,2099516,2099526,2099540,2099545,2099547,2099550,2099553,2099555,2099558,2099566,2099580,2099582,2099584,2099588,2099596,2099600,2099602,2099608,2099611,2099612,2099621,2099628,2099630,2099639,2099640,2099645,2099672,2099673,2099684,2099696,2099700,2099701,2099703,2099716,2099717,2099735,2099740,2099752,2099753,2099756,2099760,2099765,2099767,2099770,2099771,2099772,2099774,2099779,2099787,2099791,2099807,2099813,2099828,2099833,2099835,2099838,2099841,2099856,2099861,2099864,2099871,2099879,2099886,2099887,2099889,2099890,2099903,2099907,2099920,2099924,2099926,2099932,2099936,2099941,2099945,2099946,2099952,2099954,2099957,2099964,2099983,2099985,2099988,2099992,2099996,2099999,2100001,2100019,2100023,2100028,2100038,2100054,2100055,2100060,2100061,2100072,2100073,2100076,2100079,2100082,2100087,2100089,2100095,2100096,2100098,2100107,2100108,2100128,2100131,2100148,2100151,2100153,2100162,2100168,2100169,2100171,2100172,2100176,2100192,2100198,2100201,2100205,2100209,2100211,2100213,2100217,2100221,2100226,2100227,2100231,2100233,2100251,2100255,2100257,2100258,2100260,2100269,2100270,2100271,2100276,2100286,2100287,2100298,2100303,2100304,2100306,2100307,2100308,2100314,2100318,2100322,2100326,2100327,2100344,2100352,2100353,2100356,2100365,2100376,2100378,2100380,2100384,2100386,2100388,2100396,2100399,2100403,2100409,2100414,2100419,2100421,2100423,2100425,2100437,2100448,2100452,2100454,2100456,2100458,2100462,2100469,2100470,2100480,2100481,2100484,2100491,2100492,2100494,2100495,2100499,2100500,2100509,2100526,2100529,2100531,2100536,2100537,2100543,2100544,2100549,2100550,2100554,2100555,2100561,2100565,2100576,2100579,2100580,2100585,2100590,2100595,2100599,2100607,2100610,2100619,2100620,2100630,2100638,2100640,2100644,2100651,2100655,2100659,2100665,2100675,2100676,2100678,2100683,2100686,2100691,2100693,2100708,2100712,2100719,2100722,2100724,2100725,2100732,2100737,2100749,2100750,2100751,2100765,2100773,2100775,2100778,2100779,2100790,2100792,2100797,2100802,2100804,2100809,2100811,2100812,2100818,2100822,2100823,2100825,2100847,2100853,2100854,2100856,2100859,2100860,2100865,2100872,2100886,2100887,2100889,2100892,2100898,2100899,2100901,2100904,2100905,2100907,2100910,2100920,2100922,2100923,2100924,2100926,2100927,2100935,2100946,2100957,2100960,2100962,2100964,2100971,2100979,2100981,2100984,2100987,2100994,2100995,2100998,2100999,2101002,2101004,2101009,2101010,2101011,2101012,2101019,2101029,2101034,2101041,2101042,2101044,2101047,2101050,2101052,2101062,2101069,2101071,2101080,2101087,2101097,2101099,2101100,2101102,2101105,2101108,2101111,2101112,2101118,2101132,2101136,2101137,2101141,2101153,2101156,2101157,2101158,2101159,2101161,2101170,2101172,2101178,2101180,2101195,2101204,2101205,2101206,2101207,2101210,2101215,2101217,2101219,2101224,2101225,2101227,2101228,2101229,2101236,2101237,2101242,2101248,2101254,2101272,2101277,2101280,2101289,2101290,2101296,2101297,2101298,2101303,2101310,2101313,2101315,2101320,2101331,2101337,2101340,2101341,2101345,2101349,2101352,2101359,2101363,2101367,2101372,2101377,2101378,2101381,2101382,2101390,2101394,2101403,2101409,2101410,2101414,2101416,2101419,2101425,2101428,2101430,2101431,2101432,2101435,2101436,2101442,2101450,2101451,2101452,2101457,2101468,2101475,2101478,2101483,2101489,2101490,2101493,2101497,2101500,2101506,2101507,2101509,2101511,2101515,2101516,2101522,2101537,2101538,2101541,2101545,2101546,2101549,2101553,2101565,2101569,2101584,2101587,2101596,2101598,2101599,2101600,2101603,2101612,2101613,2101622,2101630,2101637,2101638,2101639,2101641,2101649,2101654,2101658,2101666,2101668,2101694,2101701,2101709,2101710,2101714,2101715,2101717,2101718,2101719,2101720,2101737,2101741,2101742,2101745,2101753,2101759,2101762,2101763,2101764,2101766,2101770,2101774,2101781,2101787,2101788,2101789,2101791,2101792,2101799,2101808,2101812,2101817,2101823,2101825,2101827,2101830,2101833,2101834,2101835,2101840,2101842,2101848,2101850,2101853,2101863,2101873,2101874,2101884,2101886,2101890,2101892,2101897,2101916,2101918,2101920,2101921,2101922,2101927,2101929,2101932,2101935,2101937,2101941,2101949,2101952,2101961,2101967,2101970,2101971,2101981,2101983,2101984,2101996,2102008,2102013,2102023,2102024,2102029,2102033,2102035,2102036,2102037,2102041,2102059,2102061,2102077,2102079,2102087,2102091,2102094,2102095,2102100,2102115,2102130,2102131,2102147,2102150,2102165,2102172,2102177,2102184,2102185,2102191,2102193,2102196,2102197,2102199,2102200,2102201,2102208,2102213,2102214,2102219,2102221,2102228,2102229,2102230,2102231,2102235,2102236,2102246,2102249,2102253,2102265,2102266,2102268,2102273,2102277,2102283,2102292,2102295,2102297,2102298,2102300,2102311,2102315,2102322,2102326,2102334,2102337,2102338,2102339,2102347,2102357,2102360,2102365,2102367,2102372,2102379,2102380,2102386,2102388,2102389,2102390,2102393,2102402,2102405,2102408,2102412,2102417,2102422,2102429,2102431,2102435,2102436,2102444,2102449,2102454,2102465,2102468,2102475,2102480,2102482,2102488,2102489,2102496,2102499,2102504,2102515,2102516,2102518,2102523,2102527,2102536,2102541,2102556,2102557,2102559,2102560,2102561,2102562,2102567,2102569,2102585,2102590,2102591,2102594,2102601,2102603,2102605,2102611,2102624,2102628,2102631,2102636,2102654,2102656,2102663,2102669,2102670,2102683,2102689,2102695,2102702,2102703,2102709,2102715,2102719,2102723,2102725,2102729,2102730,2102731,2102736,2102737,2102748,2102754,2102755,2102756,2102758,2102760,2102764,2102767,2102775,2102788,2102789,2102800,2102801,2102803,2102810,2102811,2102826,2102827,2102831,2102832,2102834,2102835,2102841,2102845,2102848,2102850,2102851,2102853,2102858,2102862,2102869,2102872,2102889,2102894,2102898,2102902,2102906,2102907,2102920,2102922,2102924,2102927,2102933,2102934,2102942,2102949,2102954,2102963,2102975,2102981,2102989,2102993,2102994,2102996,2102998,2103001,2103003,2103007,2103011,2103013,2103017,2103018,2103021,2103027,2103029,2103030,2103034,2103036,2103037,2103039,2103040,2103046,2103049,2103050,2103051,2103052,2103053,2103057,2103058,2103064,2103066,2103067,2103074,2103081,2103083,2103086,2103089,2103092,2103095,2103098,2103100,2103105,2103124,2103125,2103126,2103131,2103132,2103133,2103135,2103136,2103147,2103152,2103153,2103156,2103160,2103163,2103166,2103172,2103174,2103176,2103179,2103180,2103181,2103182,2103187,2103191,2103193,2103195,2103196,2103201,2103211,2103213,2103220,2103224,2103230,2103233,2103234,2103237,2103238,2103241,2103243,2103244,2103245,2103247,2103251,2103253,2103257,2103258,2103264,2103267,2103268,2103271,2103273,2103276,2103284,2103285,2103287,2103288,2103295,2103299,2103307,2103309,2103311,2103315,2103316,2103322,2103324,2103329,2103330,2103331,2103336,2103341,2103347,2103348,2103356,2103358,2103360,2103361,2103364,2103365,2103371,2103377,2103379,2103381,2103384,2103388,2103391,2103394,2103397,2103398,2103400,2103401,2103403,2103421,2103431,2103433,2103434,2103435,2103439,2103443,2103445,2103446,2103447,2103450,2103451,2103453,2103457,2103458,2103459,2103461,2103462,2103463,2103466,2103469,2103472,2103473,2103479,2103480,2103481,2103484,2103485,2103486,2103490,2103496,2103497,2103499,2103504,2103507,2103515,2103516,2103521,2103525,2103529,2103532,2103538,2103539,2103549,2103555,2103556,2103561,2103566,2103571,2103572,2103574,2103577,2103581,2103584,2103588,2103589,2103592,2103594,2103600,2103603,2103605,2103606,2103614,2103616,2103617,2103618,2103620,2103636,2103638,2103641,2103642,2103647,2103650,2103651,2103656,2103660,2103666,2103668,2103672,2103673,2103674,2103675,2103679,2103681,2103682,2103683,2103686,2103688,2103689,2103690,2103692,2103694,2103697,2103699,2103706,2103707,2103713,2103717,2103721,2103727,2103735,2103742,2103743,2103744,2103753,2103756,2103759,2103761,2103762,2103764,2103782,2103784,2103787,2103793,2103794,2103806,2103810,2103814,2103817,2103825,2103826,2103827,2103834,2103835,2103839,2103840,2103842,2103856,2103858,2103859,2103860,2103861,2103876,2103879,2103882,2103883,2103884,2103887,2103889,2103892,2103894,2103896,2103897,2103899,2103908,2103912,2103915,2103919,2103920,2103921,2103926,2103927,2103931,2103937,2103939,2103941,2103946,2103948,2103954,2103962,2103964,2103969,2103975,2103976,2103977,2103979,2103984,2103988,2103991,2103992,2103993,2103994,2103997,2104006,2104008,2104012,2104014,2104015,2104017,2104020,2104022,2104029,2104031,2104034,2104035,2104038,2104057,2104058,2104061,2104064,2104068,2104076,2104077,2104081,2104087,2104088,2104089,2104093,2104100,2104104,2104108,2104109,2104134,2104135,2104138,2104141,2104142,2104144,2104145,2104146,2104149,2104150,2104151,2104155,2104156,2104158,2104165,2104168,2104173,2104180,2104182,2104185,2104186,2104189,2104190,2104195,2104196,2104200,2104202,2104203,2104205,2104208,2104210,2104213,2104214,2104215,2104217,2104221,2104223,2104224,2104226,2104227,2104228,2104231,2104232,2104234,2104237,2104239,2104245,2104252,2104254,2104257,2104259,2104260,2104263,2104273,2104274,2104277,2104282,2104284,2104286,2104289,2104292,2104295,2104314,2104316,2104318,2104323,2104324,2104325,2104327,2104331,2104332,2104333,2104339,2104340,2104342,2104348,2104351,2104356,2104359,2104360,2104370,2104371,2104372,2104374,2104383,2104384,2104385,2104387,2104393,2104404,2104405,2104406,2104413,2104415,2104423,2104430,2104434,2104440,2104441,2104445,2104447,2104449,2104450,2104459,2104460,2104461,2104466,2104468,2104470,2104474,2104477,2104484,2104485,2104486,2104490,2104491,2104494,2104502,2104510,2104511,2104514,2104515,2104523,2104525,2104527,2104528,2104530,2104532,2104547,2104549,2104555,2104556,2104568,2104571,2104578,2104580,2104585,2104589,2104592,2104611,2104613,2104616,2104624,2104626,2104627,2104628,2104634,2104635,2104639,2104649,2104650,2104652,2104654,2104655,2104663,2104669,2104676,2104680,2104683,2104685,2104686,2104687,2104688,2104689,2104690,2104692,2104694,2104695,2104698,2104700,2104703,2104704,2104708,2104710,2104711,2104717,2104721,2104722,2104726,2104731,2104735,2104736,2104746,2104750,2104753,2104758,2104759,2104767,2104768,2104770,2104771,2104777,2104778,2104784,2104792,2104797,2104805,2104809,2104811,2104812,2104814,2104821,2104823,2104827,2104828,2104829,2104830,2104840,2104845,2104847,2104851,2104861,2104862,2104864,2104865,2104870,2104871,2104873,2104876,2104877,2104880,2104884,2104889,2104890,2104894,2104899,2104900,2104901,2104903,2104905,2104908,2104909,2104910,2104913,2104916,2104917,2104927,2104928,2104929,2104931,2104932,2104933,2104935,2104938,2104940,2104944,2104947,2104948,2104952,2104953,2104955,2104956,2104957,2104963,2104964,2104965,2104969,2104970,2104971,2104976,2104977,2104980,2104983,2104985,2104987,2104993,2104994,2104995,2104998,2105013,2105014,2105016,2105022,2105023,2105024,2105028,2105030,2105031,2105041,2105044,2105046,2105048,2105049,2105051,2105053,2105055,2105057,2105058,2105059,2105063,2105064,2105065,2105067,2105071,2105072,2105077,2105079,2105083,2105091,2105092,2105093,2105094,2105095,2105096,2105097,2105098,2105101,2105103,2105109,2105112,2105114,2105116,2105122,2105125,2105129,2105130,2105131,2105132,2105133,2105134,2105137,2105140,2105142,2105143,2105145,2105148,2105153,2105156,2105158,2105159,2105160,2105163,2105164,2105165,2105166,2105167,2105168,2105179,2105181,2105183,2105188,2105189,2105190,2105191,2105192,2105194,2105197,2105199,2105202,2105204,2105207,2105210,2105213,2105214,2105215,2105216,2105217,2105222,2105223,2105225,2105231,2105233,2105235,2105236,2105237,2105240,2105251,2105254,2105255,2105258,2105259,2105260,2105261,2105263,2105269,2105273,2105277,2105278,2105280,2105284,2105285,2105288,2105293,2105296,2105299,2105300,2105302,2105310,2105311,2105317,2105321,2105324,2105325,2105326,2105329,2105331,2105333,2105334,2105335,2105336,2105337,2105338,2105339,2105340,2105342,2105346,2105347,2105348,2105354,2105355,2105358,2105360,2105361,2105362,2105369,2105371,2105372,2105374,2105375,2105377,2105381,2105383,2105385,2105387,2105388,2105389,2105390,2105394,2105396,2105399,2105400,2105402,2105403,2105407,2105408,2105415,2105417,2105418,2105423,2105425,2105427,2105432,2105434,2105435,2105441,2105442,2105444,2105450,2105452,2105453,2105455,2105460,2105464,2105465,2105466,2105467,2105468,2105469,2105470,2105471,2105472,2105475,2105482,2105484,2105485,2105493,2105494,2105497,2105506,2105507,2105509,2105510,2105512,2105516,2105518,2105519,2105521,2105524,2105525,2105527,2105531,2105535,2105538,2105540,2105543,2105546,2105549,2105552,2105557,2105558,2105563,2105564,2105565,2105573,2105575,2105577,2105580,2105581,2105582,2105584,2105585,2105587,2105590,2105592,2105596,2105597,2105598,2105599,2105600,2105601,2105613,2105616,2105618,2105619,2105620,2105621,2105624,2105627,2105628,2105632,2105635,2105636,2105637,2105639,2105640,2105641,2105645,2105653,2105654,2105655,2105657,2105660,2105671,2105675,2105677,2105678,2105682,2105683,2105684,2105690,2105691,2105694,2105695,2105699,2105703,2105711,2105715,2105717,2105718,2105719,2105722,2105725,2105726,2105727,2105729,2105735,2105740,2105744,2105749,2105756,2105757,2105762,2105763,2105769,2105770,2105773,2105778,2105779,2105782,2105783,2105784,2105787,2105789,2105791,2105797,2105800,2105801,2105802,2105807,2105812,2105817,2105819,2105822,2105824,2105826,2105827,2105828,2105829,2105830,2105832,2105833,2105834,2105837,2105838,2105840,2105845,2105851,2105855,2105858,2105862,2105863,2105864,2105865,2105868,2105870,2105874,2105878,2105880,2105882,2105884,2105887,2105888,2105889,2105891,2105892,2105893,2105896,2105898,2105901,2105904,2105905,2105908,2105911,2105913,2105914,2105915,2105917,2105919,2105926,2105927,2105929,2105932,2105933,2105934,2105935,2105936,2105938,2105939,2105941,2105942,2105945,2105947,2105948,2105950,2105951,2105952,2105954,2105956,2105957,2105958,2105962,2105963,2105964,2105967,2105972,2105976,2105977,2105978,2105981,2105983,2105984,2105985,2105987,2105989,2105990,2105992,2105993,2105994,2105995,2105996,2105998,2105999,2106001,2106002,2106006,2106010,2106017,2106020,2106021,2106026,2106027,2106028,2106031,2106033,2106035,2106039,2106043,2106047,2106049,2106051,2106052,2106055,2106057,2106058,2106059,2106060,2106062,2106064,2106067,2106068,2106069,2106072,2106076,2106079,2106080,2106081,2106082,2106083,2106084,2106088,2106089,2106095,2106101,2106107,2106108,2106110,2106112,2106114,2106116,2106117,2106118,2106124,2106126,2106130,2106131,2106134,2106137,2106138,2106140,2106145,2106146,2106147,2106151,2106154,2106155,2106158,2106159,2106161,2106162,2106166,2106169,2106172,2106173,2106175,2106179,2106181,2106182,2106183,2106185,2106188,2106190,2106191,2106193,2106195,2106196,2106200,2106202,2106204,2106205,2106206,2106207,2106209,2106210,2106211,2106212,2106214,2106215,2106216,2106217,2106218,2106219,2106223,2106225,2106226,2106229,2106231,2106236,2106237,2106241,2106243,2106245,2106249,2106250,2106251,2106253,2106256,2106257,2106258,2106260,2106262,2106265,2106267,2106274,2106278,2106279,2106282,2106287,2106289,2106294,2106297,2106299,2106300,2106304,2106306,2106308,2106316,2106319,2106320,2106322,2106323,2106324,2106325,2106326,2106329,2106338,2106340,2106345,2106346,2106349,2106350,2106352,2106353,2106354,2106357,2106358,2106369,2106371,2106372,2106374,2106375,2106376,2106377,2106378,2106381,2106382,2106384,2106385,2106387,2106392,2106397,2106398,2106405,2106406,2106410,2106412,2106413,2106415,2106416,2106424,2106427,2106432,2106437,2106438,2106444,2106445,2106447,2106448,2106450,2106451,2106452,2106454,2106455,2106456,2106457,2106460,2106461,2106462,2106468,2106469,2106472,2106476,2106478,2106487,2106488,2106494,2106495,2106496,2106498,2106499,2106500,2106503,2106513,2106514,2106515,2106523,2106526,2106527,2106530,2106532,2106533,2106535,2106537,2106541,2106542,2106543,2106545,2106548,2106550,2106552,2106555,2106557,2106559,2106560,2106568,2106570,2106572,2106573,2106575,2106576,2106577,2106584,2106589,2106598,2106600,2106601,2106602,2106606,2106607,2106610,2106612,2106614,2106616,2106617,2106620,2106621,2106622,2106623,2106624,2106627,2106628,2106630,2106631,2106633,2106634,2106635,2106642,2106643,2106644,2106645,2106646,2106648,2106649,2106651,2106653,2106656,2106658,2106660,2106661,2106663,2106665,2106667,2106671,2106672,2106673,2106674,2106683,2106685,2106689,2106690,2106691,2106697,2106700,2106701,2106703,2106706,2106707,2106711,2106714,2106715,2106716,2106717,2106718,2106720,2106722,2106725,2106734,2106738,2106739,2106740,2106741,2106743,2106744,2106747,2106750,2106752,2106754,2106757,2106758,2106760,2106761,2106762,2106765,2106766,2106767,2106769,2106770,2106771,2106774,2106777,2106780,2106788,2106790,2106791,2106792,2106795,2106798,2106799,2106802,2106804,2106808,2106809,2106810,2106812,2106813,2106814,2106815,2106816,2106819,2106823,2106826,2106828,2106829,2106830,2106831,2106832,2106833,2106839,2106843,2106845,2106846,2106853,2106854,2106856,2106858,2106859,2106863,2106864,2106865,2106872,2106874,2106877,2106878,2106880,2106881,2106883,2106884,2106885,2106886,2106888,2106891,2106892,2106894,2106897,2106898,2106899,2106904,2106905,2106906,2106907,2106909,2106913,2106914,2106915,2106916,2106918,2106919,2106922,2106923,2106924,2106925,2106926,2106929,2106930,2106933,2106937,2106942,2106947,2106948,2106949,2106957,2106963,2106964,2106966,2106967,2106969,2106974,2106980,2106982,2106983,2106989,2106991,2106993,2106996,2107002,2107006,2107011,2107012,2107013,2107015,2107022,2107024,2107026,2107032,2107033,2107034,2107037,2107040,2107041,2107048,2107049,2107062,2107065,2107066,2107067,2107069,2107071,2107072,2107074,2107075,2107076,2107079,2107080,2107083,2107085,2107086,2107088,2107091,2107094,2107095,2107096,2107099,2107106,2107107,2107110,2107111,2107113,2107115,2107118,2107119,2107124,2107126,2107127,2107128,2107129,2107132,2107134,2107136,2107137,2107141,2107145,2107146,2107148,2107153,2107155,2107156,2107157,2107160,2107163,2107164,2107165,2107166,2107168,2107170,2107171,2107173,2107175,2107176,2107178,2107179,2107181,2107182,2107184,2107189,2107197,2107198,2107199,2107200,2107201,2107204,2107211,2107213,2107214,2107215,2107216,2107220,2107224,2107226,2107227,2107228,2107229,2107230,2107232,2107233,2107234,2107235,2107237,2107238,2107240,2107245,2107247,2107248,2107249,2107251,2107252,2107253,2107255,2107256,2107257,2107259,2107264,2107265,2107266,2107269,2107271,2107272,2107273,2107274,2107276,2107278,2107280,2107281,2107284,2107288,2107293,2107296,2107301,2107302,2107304,2107306,2107307,2107311,2107312,2107315,2107318,2107319,2107320,2107321,2107326,2107328,2107329,2107330,2107332,2107333,2107335,2107336,2107341,2107342,2107343,2107344,2107347,2107352,2107353,2107355,2107359,2107363,2107366,2107368,2107369,2107372,2107373,2107377,2107382,2107383,2107384,2107385,2107386,2107388,2107392,2107393,2107396,2107397,2107398,2107399,2107401,2107403,2107407,2107409,2107410,2107415,2107417,2107418,2107419,2107422,2107430,2107431,2107432,2107433,2107434,2107435,2107437,2107441,2107444,2107445,2107446,2107449,2107451,2107452,2107455,2107462,2107465,2107466,2107467,2107468,2107470,2107471,2107476,2107480,2107482,2107485,2107486,2107487,2107489,2107491,2107495,2107496,2107499,2107500,2107501,2107509,2107511,2107513,2107515,2107518,2107523,2107526,2107528,2107529,2107531,2107534,2107538,2107544,2107545,2107546,2107553,2107554,2107556,2107559,2107561,2107562,2107563,2107564,2107565,2107569,2107571,2107572,2107574,2107575,2107576,2107581,2107583,2107585,2107590,2107593,2107594,2107595,2107597,2107599,2107602,2107604,2107605,2107606,2107608,2107609,2107610,2107612,2107613,2107614,2107617,2107620,2107622,2107623,2107624,2107625,2107626,2107631,2107633,2107634,2107635,2107638,2107639,2107640,2107641,2107643,2107644,2107646,2107647,2107648,2107651,2107653,2107654,2107655,2107656,2107658,2107662,2107663,2107664,2107667,2107668,2107671,2107672,2107673,2107674,2107676,2107678,2107679,2107683,2107685,2107686,2107688,2107689,2107692,2107693,2107694,2107695,2107696,2107698,2107699,2107702,2107705,2107706,2107707,2107709,2107713,2107716,2107717,2107721,2107722,2107723,2107725,2107726,2107728,2107730,2107732,2107734,2107735,2107736,2107739,2107740,2107743,2107744,2107746,2107747,2107752,2107753,2107755,2107757,2107758,2107761,2107762,2107764,2107765,2107766,2107768,2107769,2107772,2107773,2107774,2107775,2107776,2107778,2107782,2107783,2107784,2107786,2107787,2107788,2107790,2107791,2107792,2107793,2107794,2107796,2107797,2107799,2107800,2107802,2107806,2107808,2107809,2107812,2107814,2107815,2107818,2107820,2107825,2107826,2107828,2107833,2107834,2107836,2107837,2107838,2107839,2107840,2107841,2107845,2107846,2107847,2107848,2107849,2107852,2107860,2107863,2107865,2107866,2107867,2107868,2107869,2107871,2107872,2107874,2107877,2107879,2107880,2107887,2107889,2107890,2107891,2107892,2107893,2107894,2107897,2107903,2107905,2107906,2107908,2107910,2107911,2107913,2107917,2107919,2107920,2107923,2107925,2107926,2107928,2107929,2107930,2107931,2107932,2107933,2107937,2107941,2107942,2107943,2107945,2107948,2107949,2107951,2107953,2107955,2107956,2107957,2107958,2107959,2107962,2107966,2107969,2107971,2107973,2107975,2107977,2107978,2107979,2107980,2107981,2107984,2107987,2107988,2107989,2107990,2107992,2107996,2107997,2108000,2108001,2108003,2108004,2108006,2108007,2108008,2108009,2108010,2108011,2108013,2108014,2108015,2108016,2108017,2108023,2108025,2108029,2108030,2108031,2108033,2108037,2108038,2108040,2108041,2108044,2108047,2108049,2108050,2108052,2108053,2108054,2108057,2108059,2108063,2108064,2108065,2108068,2108070,2108071,2108072,2108073,2108074,2108076,2108079,2108084,2108086,2108087,2108088,2108090,2108091,2108093,2108098,2108099,2108100,2108101,2108103,2108104,2108110,2108113,2108114,2108119,2108120,2108121,2108122,2108125,2108126,2108128,2108129,2108130,2108131,2108132,2108134,2108135,2108136,2108137,2108139,2108140,2108141,2108142,2108143,2108144,2108145,2108146,2108148,2108149,2108151,2108153,2108154,2108156,2108157,2108159,2108160,2108161,2108162,2108163,2108166,2108167,2108169,2108170,2108171,2108172,2108174,2108175,2108176,2108177,2108178,2108182,2108184,2108187,2108191,2108192,2108194,2108195,2108196,2108198,2108203,2108205,2108206,2108207,2108210,2108212,2108214,2108215,2108217,2108218,2108220,2108223,2108224,2108225,2108227,2108228,2108229,2108230,2108232,2108233,2108234,2108236,2108237,2108240,2108242,2108243,2108245,2108246,2108248,2108249,2108250,2108252,2108253,2108254,2108256,2108258,2108259,2108260,2108261,2108262,2108263,2108264,2108265,2108267,2108268,2108269,2108272,2108275,2108276,2108277,2108279,2108281,2108284,2108285,2108289,2108290,2108291,2108292,2108293,2108295,2108300,2108301,2108304,2108307,2108311,2108315,2108316,2108318,2108319,2108322,2108323,2108325,2108327,2108329,2108330,2108332,2108334,2108336,2108337,2108339,2108340,2108341,2108345,2108347,2108348,2108351,2108352,2108353,2108355,2108356,2108358,2108359,2108360,2108361,2108363,2108364,2108365,2108366,2108368,2108369,2108370,2108372,2108373,2108375,2108376,2108380,2108381,2108382,2108384,2108388,2108389,2108391,2108392,2108394,2108395,2108397,2108398,2108399,2108401,2108403,2108404,2108405,2108406,2108408,2108409,2108410,2108411,2108413,2108415,2108416,2108417,2108419,2108420,2108421,2108425,2108428,2108430,2108432,2108433,2108435,2108439,2108441,2108442,2108443,2108444,2108445,2108446,2108447,2108448,2108450,2108451,2108452,2108453,2108454,2108456,2108457,2108458,2108460,2108466,2108467,2108468,2108470,2108472,2108473,2108476,2108477,2108479,2108481,2108482,2108483,2108487,2108488,2108491,2108493,2108494,2108495,2108496,2108497,2108498,2108499,2108501,2108502,2108503,2108504,2108505,2108506,2108507,2108510,2108511,2108512,2108513,2108514,2108515,2108517,2108520,2108522,2108526,2108527,2108528,2108529,2108532,2108533,2108535,2108536,2108538,2108539,2108540,2108541,2108543,2108544,2108545,2108547,2108549,2108550,2108551,2108552,2108553,2108554,2108555,2108556,2108557,2108558,2108559,2108561,2108562,2108563,2108564,2108565,2108566,2108567,2108568,2108569,2108570,2108571,2108572,2108573,2108575,2108576,2108579,2108581,2108583,2108584,2108585,2108586,2108587,2108588,2108589,2108590,2108592,2108595,2108596,2108597,2108599,2108601,2108602,2108606,2108607,2108608,2108609,2108612,2108613,2108614,2108617,2108622,2108624,2108627,2108628,2108629,2108630,2108631,2108633,2108635,2108637,2108638,2108643,2108646,2108648,2108651,2108653,2108657,2108659,2108661,2108662,2108663,2108664,2108665,2108666,2108667,2108669,2108670,2108672,2108673,2108674,2108675,2108677,2108678,2108680,2108682,2108684,2108685,2108686,2108688,2108689,2108691,2108697,2108698,2108699,2108700,2108702,2108704,2108705,2108706,2108708,2108711,2108713,2108716,2108718,2108720,2108722,2108723,2108725,2108726,2108727,2108729,2108730,2108731,2108732,2108734,2108735,2108736,2108737,2108738,2108740,2108741,2108744,2108745,2108748,2108749,2108750,2108751,2108752,2108756,2108757,2108758,2108759,2108760,2108761,2108764,2108766,2108767,2108769,2108770,2108773,2108774,2108776,2108777,2108778,2108779,2108780,2108781,2108782,2108784,2108785,2108786,2108788,2108789,2108791,2108792,2108795,2108797,2108799,2108800,2108801,2108802,2108806,2108807,2108808,2108809,2108810,2108811,2108814,2108815,2108816,2108818,2108819,2108822,2108823,2108827,2108828,2108832,2108833,2108834,2108835,2108836,2108837,2108839,2108840,2108845,2108847,2108848,2108849,2108850,2108851,2108852,2108853,2108854,2108855,2108856,2108858,2108859,2108865,2108867,2108868,2108869,2108870,2108871,2108874,2108875,2108876,2108877,2108878,2108879,2108880,2108881,2108882,2108884,2108886,2108887,2108893,2108894,2108896,2108899,2108901,2108903,2108904,2108907,2108908,2108910,2108911,2108914,2108915,2108918,2108920,2108921,2108922,2108924,2108925,2108927,2108928,2108929,2108930,2108931,2108932,2108934,2108935,2108936,2108939,2108940,2108942,2108943,2108944,2108945,2108948,2108950,2108951,2108952,2108955,2108957,2108959,2108960,2108963,2108964,2108965,2108967,2108971,2108973,2108976,2108977,2108979,2108980,2108981,2108982,2108983,2108984,2108985,2108986,2108987,2108988,2108990,2108991,2108995,2108996,2108999,2109001,2109002,2109003,2109004,2109005,2109006,2109009,2109010,2109012,2109013,2109015,2109016,2109017,2109019,2109020,2109025,2109026,2109029,2109030,2109031,2109034,2109035,2109036,2109037,2109040,2109041,2109042,2109043,2109045,2109046,2109047,2109048,2109049,2109053,2109056,2109058,2109060,2109061,2109062,2109063,2109066,2109067,2109071,2109072,2109073,2109074,2109075,2109076,2109077,2109079,2109080,2109081,2109082,2109084,2109085,2109087,2109089,2109090,2109091,2109092,2109093,2109096,2109097,2109098,2109100,2109101,2109104,2109105,2109106,2109107,2109108,2109109,2109110,2109111,2109112,2109114,2109115,2109116,2109117,2109118,2109119,2109120,2109121,2109122,2109123,2109124,2109128,2109130,2109131,2109132,2109135,2109136,2109137,2109138,2109140,2109143,2109146,2109147,2109148,2109150,2109152,2109153,2109156,2109157,2109164,2109165,2109166,2109167,2109168,2109169,2109173,2109175,2109176,2109179,2109181,2109184,2109187,2109188,2109189,2109190,2109191,2109192,2109193,2109194,2109196,2109197,2109199,2109201,2109202,2109206,2109208,2109209,2109211,2109212,2109213,2109215,2109216,2109218,2109219,2109221,2109222,2109224,2109225,2109226,2109227,2109229,2109230,2109232,2109234,2109235,2109237,2109240,2109241,2109247,2109249,2109250,2109251,2109252,2109253,2109255,2109256,2109257,2109259,2109260,2109261,2109262,2109264,2109266,2109269,2109272,2109276,2109278,2109282,2109284,2109285,2109286,2109287,2109288,2109289,2109290,2109291,2109293,2109294,2109298,2109299,2109303,2109306,2109310,2109311,2109312,2109313,2109315,2109316,2109318,2109319,2109320,2109324,2109326,2109329,2109331,2109333,2109334,2109336,2109337,2109338,2109339,2109340,2109342,2109343,2109344,2109345,2109346,2109347,2109351,2109353,2109354,2109356,2109357,2109358,2109359,2109361,2109362,2109364,2109367,2109368,2109369,2109371,2109375,2109377,2109379,2109380,2109381,2109382,2109384,2109387,2109388,2109389,2109390,2109391,2109394,2109395,2109396,2109397,2109398,2109399,2109401,2109402,2109404,2109408,2109410,2109411,2109412,2109414,2109417,2109418,2109419,2109421,2109422,2109423,2109425,2109427,2109428,2109430,2109431,2109432,2109435,2109436,2109437,2109440,2109441,2109442,2109443,2109444,2109446,2109447,2109449,2109450,2109451,2109452,2109453,2109454,2109460,2109462,2109463,2109466,2109468,2109469,2109471,2109473,2109474,2109476,2109479,2109481,2109482,2109483,2109485,2109486,2109487,2109490,2109491,2109492,2109493,2109495,2109496,2109497,2109498,2109502,2109503,2109504,2109508,2109512,2109513,2109514,2109515,2109516,2109517,2109521,2109524,2109525,2109526,2109527,2109528,2109529,2109530,2109532,2109533,2109535,2109536,2109538,2109540,2109542,2109545,2109548,2109549,2109550,2109551,2109552,2109553,2109554,2109555,2109556,2109557,2109560,2109561,2109562,2109563,2109564,2109565,2109567,2109569,2109572,2109573,2109574,2109576,2109577,2109579,2109581,2109582,2109583,2109584,2109585,2109586,2109587,2109588,2109590,2109591,2109592,2109594,2109595,2109596,2109599,2109600,2109601,2109602,2109603,2109604,2109605,2109606,2109607,2109608,2109609,2109613,2109614,2109616,2109617,2109618,2109620,2109624,2109625,2109627,2109629,2109630,2109631,2109632,2109633,2109634,2109635,2109637,2109638,2109641,2109642,2109644,2109645,2109646,2109647,2109648,2109650,2109651,2109652,2109653,2109656,2109657,2109658,2109659,2109662,2109664,2109666,2109668,2109670,2109671,2109672,2109675,2109678,2109679,2109680,2109681,2109682,2109684,2109685,2109686,2109687,2109688,2109689,2109690,2109691,2109692,2109693,2109695,2109696,2109697,2109698,2109700,2109702,2109704,2109705,2109706,2109708,2109710,2109711,2109712,2109713,2109715,2109716,2109718,2109719,2109720,2109722,2109723,2109724,2109725,2109729,2109730,2109731,2109732,2109735,2109736,2109737,2109738,2109739,2109740,2109742,2109744,2109745,2109746,2109747,2109748,2109749,2109751,2109753,2109754,2109756,2109758,2109759,2109761,2109762,2109763,2109764,2109765,2109766,2109768,2109769,2109770,2109772,2109773,2109775,2109777,2109778,2109779,2109780,2109782,2109783,2109784,2109785,2109786,2109789,2109791,2109793,2109796,2109797,2109798,2109799,2109800,2109801,2109803,2109804,2109807,2109808,2109809,2109810,2109811,2109812,2109813,2109815,2109817,2109818,2109819,2109821,2109822,2109823,2109824,2109825,2109826,2109827,2109828,2109829,2109830,2109833,2109834,2109835,2109836,2109837,2109839,2109841,2109842,2109844,2109845,2109850,2109852,2109855,2109856,2109857,2109858,2109859,2109862,2109863,2109864,2109866,2109867,2109870,2109872,2109873,2109874,2109875,2109876,2109877,2109878,2109879,2109880,2109881,2109882,2109883,2109885,2109887,2109889,2109890,2109892,2109893,2109894,2109895,2109897,2109903,2109905,2109908,2109909,2109911,2109913,2109914,2109915,2109917,2109918,2109919,2109920,2109921,2109922,2109923,2109924,2109925,2109926,2109928,2109930,2109931,2109932,2109933,2109935,2109937,2109938,2109939,2109942,2109943,2109945,2109946,2109947,2109948,2109950,2109951,2109953,2109954,2109956,2109957,2109958,2109960,2109962,2109964,2109965,2109967,2109970,2109971,2109972,2109974,2109976,2109978,2109979,2109981,2109983,2109984,2109985,2109986,2109990,2109991,2109992,2109995,2109996,2109999,2110000,2110001,2110002,2110003,2110005,2110007,2110008,2110009,2110014,2110015,2110016,2110017,2110018,2110020,2110021,2110022,2110023,2110025,2110026,2110027,2110028,2110030,2110031,2110032,2110033,2110034,2110035,2110036,2110037,2110039,2110040,2110041,2110042,2110043,2110044,2110045,2110046,2110047,2110049,2110051,2110052,2110053,2110054,2110055,2110056,2110058,2110059,2110061,2110063,2110065,2110068,2110069,2110070,2110072,2110073,2110074,2110076,2110077,2110078,2110081,2110082,2110084,2110086,2110087,2110090,2110091,2110093,2110094,2110098,2110099,2110100,2110101,2110102,2110103,2110104,2110105,2110106,2110108,2110110,2110111,2110112,2110113,2110115,2110117,2110119,2110120,2110127,2110128,2110130,2110131,2110134,2110135,2110136,2110137,2110138,2110139,2110141,2110142,2110143,2110144,2110145,2110146,2110147,2110148,2110149,2110150,2110151,2110152,2110154,2110155,2110156,2110159,2110161,2110163,2110164,2110165,2110167,2110168,2110169,2110171,2110172,2110173,2110174,2110177,2110178,2110179,2110180,2110181,2110183,2110184,2110187,2110190,2110194,2110197,2110198,2110199,2110203,2110204,2110205,2110207,2110208,2110209,2110214,2110215,2110216,2110218,2110221,2110222,2110226,2110227,2110228,2110229,2110231,2110232,2110234,2110235,2110238,2110240,2110243,2110252,2110253,2110254,2110255,2110257,2110258,2110263,2110266,2110267,2110268,2110269,2110270,2110271,2110275,2110277,2110289,2110291,2110304,2110454,2110481,2110551,2110580,2062783,2065527,2066352,2067549,2069030,2069422,2070428,2071692,2071776,2072819,2073107,2073266,2073586,2074151,2074751,2077170,2079709,2083335,2083594,2083762,2085777,2086213,2088066,2088471,2089015,2089127,2089595,2089610,2090382,2090791,2091645,2094351,2094393,2094793,2094932,2095404,2096344,2096400,2096934,2097446,2097622,2098068,2098560,2098576,2099164,2099388,2100236,2100552,2101460,2101731,2101801,2101802,2103262,2103807,2104201,2104222,2104337,2105118,2105605,2105803,2105890,2105943,2106139,2106153,2106199,2106586,2106756,2106793,2106837,2107053,2107395,2107448,2107477,2107503,2107907,2107916,2108020,2108201,2108266,2108427,2108461,2108618,2108829,2109022,2109151)
-- p.contract_type in (1) -- sme_car
-- p.contract_type in (2) -- sme_bike
-- and c.status in (4)
